26
F_Arick    0.0000000 0.2845529 0.2944683 0.2939472 0.7721707 0.7998856 0.7858602 0.7660465 0.7602070 0.7849071 0.8213649 0.7925409 0.8483406 0.7835904 0.8159386 0.9173598 0.8843527 0.8899123 0.9309897 0.8151954 1.0401767 0.8566909 0.8991977 0.9899876 1.0050134 1.0124980 
F_Ramu     0.2845529 0.0000000 0.1531548 0.2534954 0.6367676 0.6893815 0.6652524 0.6615184 0.6594413 0.6773338 0.7070966 0.6996698 0.7112056 0.6970315 0.7060801 0.7709922 0.7645723 0.7348510 0.7861410 0.6956037 0.8886280 0.7132332 0.7612539 0.8230478 0.8167131 0.8389344 
F_Rtemp    0.2944683 0.1531548 0.0000000 0.2620769 0.6896002 0.7542634 0.7385559 0.7239675 0.7217770 0.7494741 0.7792051 0.7678506 0.7975581 0.7625065 0.7788822 0.8506446 0.8250524 0.8219134 0.8473515 0.7501477 0.9786068 0.7930038 0.8189754 0.9162877 0.9293551 0.9346298 
F_Pcret    0.2939472 0.2534954 0.2620769 0.0000000 0.7241879 0.7659302 0.7415670 0.7396033 0.7318642 0.7679524 0.8012832 0.7710049 0.8122368 0.7561744 0.7908330 0.9116330 0.8595420 0.8482484 0.8877250 0.7672813 1.0309095 0.8283344 0.8818811 0.9753372 0.9813664 1.0003278 
F_Xbore    0.7721707 0.6367676 0.6896002 0.7241879 0.0000000 0.5493299 0.5377968 0.5273682 0.5297271 0.5406153 0.5947772 0.5490789 0.5986740 0.5442771 0.5601208 0.8032432 0.7836271 0.6842124 0.7424409 0.5827933 0.8997067 0.7348037 0.7402893 0.8870622 0.8894410 0.9005724 
O1_Cmaxi   0.7998856 0.6893815 0.7542634 0.7659302 0.5493299 0.0000000 0.1159322 0.2111724 0.2100380 0.2287341 0.6522391 0.5867783 0.6705507 0.5971166 0.6219764 0.7583451 0.7357967 0.6863761 0.7122561 0.6066110 0.8324363 0.6839891 0.7067734 0.7857818 0.7749603 0.8025426 
O1_Ctaur   0.7858602 0.6652524 0.7385559 0.7415670 0.5377968 0.1159322 0.0000000 0.1932151 0.1957350 0.2120375 0.6436853 0.5799408 0.6492790 0.5848366 0.5982737 0.7350792 0.7190655 0.6705556 0.7003248 0.6047412 0.8201968 0.6522406 0.6898677 0.7708674 0.7589550 0.7814715 
O1_Cobsc   0.7660465 0.6615184 0.7239675 0.7396033 0.5273682 0.2111724 0.1932151 0.0000000 0.0524247 0.2151430 0.6366198 0.5733067 0.6429785 0.5603700 0.6061760 0.7496386 0.7239252 0.6678131 0.6918454 0.6031770 0.8375277 0.6625445 0.7137723 0.7803709 0.7753771 0.7861127 
O1_Tobes   0.7602070 0.6594413 0.7217770 0.7318642 0.5297271 0.2100380 0.1957350 0.0524247 0.0000000 0.2190072 0.6354398 0.5683310 0.6487783 0.5730873 0.6169740 0.7311779 0.7187241 0.6625777 0.6956223 0.6041247 0.8393377 0.6540379 0.7156223 0.7682126 0.7613029 0.7819845 
O1_Ojapo   0.7849071 0.6773338 0.7494741 0.7679524 0.5406153 0.2287341 0.2120375 0.2151430 0.2190072 0.0000000 0.6356153 0.5710825 0.6481963 0.5677785 0.5986172 0.7554485 0.7201358 0.6816763 0.7122065 0.6061515 0.8566929 0.6801046 0.6987871 0.7975026 0.7919974 0.8165886 
S_Ajapo    0.8213649 0.7070966 0.7792051 0.8012832 0.5947772 0.6522391 0.6436853 0.6366198 0.6354398 0.6356153 0.0000000 0.4772254 0.5228989 0.3975329 0.4716852 0.7779225 0.7316563 0.6923366 0.7356590 0.5023269 0.8842127 0.7361998 0.7504647 0.8866817 0.8966573 0.9322797 
S_Atexa    0.7925409 0.6996698 0.7678506 0.7710049 0.5490789 0.5867783 0.5799408 0.5733067 0.5683310 0.5710825 0.4772254 0.0000000 0.4243907 0.3563245 0.3952205 0.7401345 0.6834350 0.6252433 0.6770436 0.4324518 0.8220875 0.6776672 0.6789638 0.8364286 0.8413483 0.8695684 
S_Bnigr    0.8483406 0.7112056 0.7975581 0.8122368 0.5986740 0.6705507 0.6492790 0.6429785 0.6487783 0.6481963 0.5228989 0.4243907 0.0000000 0.4333976 0.4594531 0.7998171 0.7468908 0.6578116 0.7234343 0.4700921 0.8665163 0.7269614 0.7331136 0.8992836 0.8963075 0.9129147 
S_Hleec    0.7835904 0.6970315 0.7625065 0.7561744 0.5442771 0.5971166 0.5848366 0.5603700 0.5730873 0.5677785 0.3975329 0.3563245 0.4333976 0.0000000 0.3886787 0.7381763 0.6915490 0.6411876 0.6897672 0.4194414 0.8549172 0.6893620 0.7106371 0.8871452 0.8906860 0.9301110 
S_Nbeye    0.8159386 0.7060801 0.7788822 0.7908330 0.5601208 0.6219764 0.5982737 0.6061760 0.6169740 0.5986172 0.4716852 0.3952205 0.4594531 0.3886787 0.0000000 0.7599541 0.7271193 0.6722618 0.6927542 0.4516586 0.8492679 0.7163073 0.7306651 0.8760293 0.8758611 0.9065514 
L_Lagil    0.9173598 0.7709922 0.8506446 0.9116330 0.8032432 0.7583451 0.7350792 0.7496386 0.7311779 0.7554485 0.7779225 0.7401345 0.7998171 0.7381763 0.7599541 0.0000000 0.2202354 0.5365730 0.5668033 0.7433318 0.7172322 0.5462376 0.5687163 0.8452790 0.8397509 0.8483499 
L_Pmura    0.8843527 0.7645723 0.8250524 0.8595420 0.7836271 0.7357967 0.7190655 0.7239252 0.7187241 0.7201358 0.7316563 0.6834350 0.7468908 0.6915490 0.7271193 0.2202354 0.0000000 0.5095524 0.5536704 0.7209832 0.7032806 0.5371543 0.5706994 0.8290712 0.8394944 0.8490039 
L_Lpers    0.8899123 0.7348510 0.8219134 0.8482484 0.6842124 0.6863761 0.6705556 0.6678131 0.6625777 0.6816763 0.6923366 0.6252433 0.6578116 0.6411876 0.6722618 0.5365730 0.5095524 0.0000000 0.5056795 0.6553752 0.6762807 0.3932525 0.4979297 0.8274608 0.8276844 0.8292464 
L_Smode    0.9309897 0.7861410 0.8473515 0.8877250 0.7424409 0.7122561 0.7003248 0.6918454 0.6956223 0.7122065 0.7356590 0.6770436 0.7234343 0.6897672 0.6927542 0.5668033 0.5536704 0.5056795 0.0000000 0.6773089 0.6807910 0.5084560 0.3912323 0.8693584 0.8730520 0.8683241 
S_Tcarn    0.8151954 0.6956037 0.7501477 0.7672813 0.5827933 0.6066110 0.6047412 0.6031770 0.6041247 0.6061515 0.5023269 0.4324518 0.4700921 0.4194414 0.4516586 0.7433318 0.7209832 0.6553752 0.6773089 0.0000000 0.8258535 0.6722712 0.6778381 0.8424920 0.8461575 0.8669715 
L_Gjapo    1.0401767 0.8886280 0.9786068 1.0309095 0.8997067 0.8324363 0.8201968 0.8375277 0.8393377 0.8566929 0.8842127 0.8220875 0.8665163 0.8549172 0.8492679 0.7172322 0.7032806 0.6762807 0.6807910 0.8258535 0.0000000 0.6075446 0.6136932 0.9022993 0.8944827 0.9182795 
L_Iigua    0.8566909 0.7132332 0.7930038 0.8283344 0.7348037 0.6839891 0.6522406 0.6625445 0.6540379 0.6801046 0.7361998 0.6776672 0.7269614 0.6893620 0.7163073 0.5462376 0.5371543 0.3932525 0.5084560 0.6722712 0.6075446 0.0000000 0.4108158 0.7242108 0.7259817 0.7142702 
L_Peleg    0.8991977 0.7612539 0.8189754 0.8818811 0.7402893 0.7067734 0.6898677 0.7137723 0.7156223 0.6987871 0.7504647 0.6789638 0.7331136 0.7106371 0.7306651 0.5687163 0.5706994 0.4979297 0.3912323 0.6778381 0.6136932 0.4108158 0.0000000 0.7860415 0.7907519 0.7855994 
O2_Ggori   0.9899876 0.8230478 0.9162877 0.9753372 0.8870622 0.7857818 0.7708674 0.7803709 0.7682126 0.7975026 0.8866817 0.8364286 0.8992836 0.8871452 0.8760293 0.8452790 0.8290712 0.8274608 0.8693584 0.8424920 0.9022993 0.7242108 0.7860415 0.0000000 0.0973147 0.1535304 
O2_Ptrog   1.0050134 0.8167131 0.9293551 0.9813664 0.8894410 0.7749603 0.7589550 0.7753771 0.7613029 0.7919974 0.8966573 0.8413483 0.8963075 0.8906860 0.8758611 0.8397509 0.8394944 0.8276844 0.8730520 0.8461575 0.8944827 0.7259817 0.7907519 0.0973147 0.0000000 0.1533543 
O2_Ppygm   1.0124980 0.8389344 0.9346298 1.0003278 0.9005724 0.8025426 0.7814715 0.7861127 0.7819845 0.8165886 0.9322797 0.8695684 0.9129147 0.9301110 0.9065514 0.8483499 0.8490039 0.8292464 0.8683241 0.8669715 0.9182795 0.7142702 0.7855994 0.1535304 0.1533543 0.0000000 
