26
F_Arick    0.0000000 0.2125314 0.2354822 0.2192334 0.3322509 0.4639114 0.4091363 0.4655971 0.4777763 0.4603544 0.3748390 0.4371921 0.4271495 0.4115838 0.4329615 0.4046692 0.3983131 0.4061603 0.4148825 0.4217972 0.4259180 0.3907363 0.4014245 0.4740578 0.4300280 0.4186344 
F_Pcret    0.2125314 0.0000000 0.2065732 0.1847530 0.3617237 0.4504365 0.4147504 0.4653002 0.4851889 0.4921546 0.4085918 0.4145350 0.4515308 0.4134398 0.4711015 0.4140188 0.4305895 0.4229302 0.4341316 0.4406355 0.4905276 0.4365356 0.4328297 0.5246609 0.4322991 0.4142939 
F_Ramu     0.2354822 0.2065732 0.0000000 0.1218761 0.3729191 0.4460004 0.3908098 0.4674555 0.4628281 0.4880923 0.3942618 0.4133374 0.4477341 0.4197207 0.4221724 0.3964801 0.3964513 0.4277073 0.4383780 0.4189345 0.4543032 0.4186909 0.4246583 0.4402762 0.4206773 0.4290684 
F_Rtemp    0.2192334 0.1847530 0.1218761 0.0000000 0.3388082 0.4288526 0.3990552 0.4656256 0.4663003 0.5005942 0.3776853 0.3960797 0.4351991 0.4114086 0.4232798 0.3938550 0.3948270 0.3953973 0.4113615 0.4009788 0.4120062 0.3751998 0.3886032 0.4649646 0.3947055 0.4103612 
F_Xbore    0.3322509 0.3617237 0.3729191 0.3388082 0.0000000 0.4497592 0.3997747 0.4564849 0.4770913 0.4908532 0.4299425 0.3899564 0.3919765 0.3649710 0.3257359 0.3599735 0.3451857 0.3386618 0.3142589 0.3741505 0.3476615 0.2913390 0.3073541 0.3968405 0.3290524 0.3208591 
L_Gjapo    0.4639114 0.4504365 0.4460004 0.4288526 0.4497592 0.0000000 0.3141334 0.5010968 0.4765748 0.5113633 0.3655010 0.3618040 0.3781085 0.3765102 0.3679088 0.3882969 0.4197441 0.4240277 0.4409678 0.3891948 0.4463842 0.4135872 0.4733922 0.4848443 0.4592848 0.4364743 
L_Iigua    0.4091363 0.4147504 0.3908098 0.3990552 0.3997747 0.3141334 0.0000000 0.3431122 0.3688971 0.3605389 0.2643993 0.2730713 0.3073549 0.2956089 0.2612578 0.3308299 0.3382633 0.3408529 0.3541594 0.3655675 0.4366054 0.3749678 0.3968314 0.4585796 0.3812391 0.3817863 
O2_Ggori   0.4655971 0.4653002 0.4674555 0.4656256 0.4564849 0.5010968 0.3431122 0.0000000 0.0928724 0.1208457 0.4035725 0.4581691 0.4277309 0.4372766 0.3825344 0.3930509 0.4166399 0.4033881 0.4017541 0.4343692 0.4616627 0.4195338 0.4444325 0.5331028 0.4951313 0.4628473 
O2_Ptrog   0.4777763 0.4851889 0.4628281 0.4663003 0.4770913 0.4765748 0.3688971 0.0928724 0.0000000 0.1193582 0.3881014 0.4806959 0.4474035 0.4355079 0.3737455 0.4042656 0.4356598 0.4113334 0.4213895 0.4244650 0.4711968 0.4355886 0.4385832 0.5308377 0.5077819 0.4497703 
O2_Ppygm   0.4603544 0.4921546 0.4880923 0.5005942 0.4908532 0.5113633 0.3605389 0.1208457 0.1193582 0.0000000 0.4104577 0.4685841 0.4425168 0.4537482 0.4023020 0.4321216 0.4640808 0.4327516 0.4411009 0.4643522 0.5182494 0.4469575 0.4570161 0.5346803 0.5170186 0.4694948 
L_Peleg    0.3748390 0.4085918 0.3942618 0.3776853 0.4299425 0.3655010 0.2643993 0.4035725 0.3881014 0.4104577 0.0000000 0.2437845 0.3127929 0.3369834 0.3020414 0.3985411 0.4043426 0.4278731 0.4420171 0.3704143 0.3819242 0.3821312 0.3766110 0.4879346 0.4024090 0.4051517 
L_Smode    0.4371921 0.4145350 0.4133374 0.3960797 0.3899564 0.3618040 0.2730713 0.4581691 0.4806959 0.4685841 0.2437845 0.0000000 0.3475738 0.3213253 0.2810619 0.4569157 0.4191897 0.4035330 0.4311234 0.4097783 0.3910687 0.3624141 0.3681524 0.4408890 0.3977634 0.3671655 
L_Lagil    0.4271495 0.4515308 0.4477341 0.4351991 0.3919765 0.3781085 0.3073549 0.4277309 0.4474035 0.4425168 0.3127929 0.3475738 0.0000000 0.1797231 0.2962177 0.4459607 0.4261801 0.4248025 0.4207684 0.4374751 0.4507756 0.3830547 0.3838439 0.4609263 0.4220634 0.4192197 
L_Pmura    0.4115838 0.4134398 0.4197207 0.4114086 0.3649710 0.3765102 0.2956089 0.4372766 0.4355079 0.4537482 0.3369834 0.3213253 0.1797231 0.0000000 0.2746296 0.4162474 0.3912228 0.3791907 0.4089620 0.3700342 0.4294734 0.3267813 0.3484275 0.4354827 0.4150650 0.3985255 
L_Lpers    0.4329615 0.4711015 0.4221724 0.4232798 0.3257359 0.3679088 0.2612578 0.3825344 0.3737455 0.4023020 0.3020414 0.2810619 0.2962177 0.2746296 0.0000000 0.3857927 0.3392389 0.3479038 0.3546908 0.3703157 0.3980647 0.2667219 0.3200846 0.3921534 0.3727392 0.3812433 
O1_Cmaxi   0.4046692 0.4140188 0.3964801 0.3938550 0.3599735 0.3882969 0.3308299 0.3930509 0.4042656 0.4321216 0.3985411 0.4569157 0.4459607 0.4162474 0.3857927 0.0000000 0.1305113 0.1948318 0.1922417 0.2083442 0.4187988 0.3559927 0.4064600 0.4429302 0.3789837 0.3720715 
O1_Ctaur   0.3983131 0.4305895 0.3964513 0.3948270 0.3451857 0.4197441 0.3382633 0.4166399 0.4356598 0.4640808 0.4043426 0.4191897 0.4261801 0.3912228 0.3392389 0.1305113 0.0000000 0.1763056 0.1739074 0.1864581 0.3910176 0.3462868 0.3673551 0.4165747 0.3633987 0.3685499 
O1_Cobsc   0.4061603 0.4229302 0.4277073 0.3953973 0.3386618 0.4240277 0.3408529 0.4033881 0.4113334 0.4327516 0.4278731 0.4035330 0.4248025 0.3791907 0.3479038 0.1948318 0.1763056 0.0000000 0.0604396 0.1956439 0.3772166 0.3525669 0.3766123 0.4350428 0.3505040 0.3678673 
O1_Tobes   0.4148825 0.4341316 0.4383780 0.4113615 0.3142589 0.4409678 0.3541594 0.4017541 0.4213895 0.4411009 0.4420171 0.4311234 0.4207684 0.4089620 0.3546908 0.1922417 0.1739074 0.0604396 0.0000000 0.2068153 0.3754690 0.3445436 0.3770705 0.4630864 0.3660203 0.3843072 
O1_Ojapo   0.4217972 0.4406355 0.4189345 0.4009788 0.3741505 0.3891948 0.3655675 0.4343692 0.4244650 0.4643522 0.3704143 0.4097783 0.4374751 0.3700342 0.3703157 0.2083442 0.1864581 0.1956439 0.2068153 0.0000000 0.3794938 0.3588877 0.3781386 0.4409710 0.3846641 0.3869483 
S_Ajapo    0.4259180 0.4905276 0.4543032 0.4120062 0.3476615 0.4463842 0.4366054 0.4616627 0.4711968 0.5182494 0.3819242 0.3910687 0.4507756 0.4294734 0.3980647 0.4187988 0.3910176 0.3772166 0.3754690 0.3794938 0.0000000 0.3095049 0.3335674 0.3845944 0.3248674 0.3129081 
S_Atexa    0.3907363 0.4365356 0.4186909 0.3751998 0.2913390 0.4135872 0.3749678 0.4195338 0.4355886 0.4469575 0.3821312 0.3624141 0.3830547 0.3267813 0.2667219 0.3559927 0.3462868 0.3525669 0.3445436 0.3588877 0.3095049 0.0000000 0.2299131 0.2598118 0.2398539 0.2459402 
S_Bnigr    0.4014245 0.4328297 0.4246583 0.3886032 0.3073541 0.4733922 0.3968314 0.4444325 0.4385832 0.4570161 0.3766110 0.3681524 0.3838439 0.3484275 0.3200846 0.4064600 0.3673551 0.3766123 0.3770705 0.3781386 0.3335674 0.2299131 0.0000000 0.2593437 0.2745878 0.2899514 
S_Nbeye    0.4740578 0.5246609 0.4402762 0.4649646 0.3968405 0.4848443 0.4585796 0.5331028 0.5308377 0.5346803 0.4879346 0.4408890 0.4609263 0.4354827 0.3921534 0.4429302 0.4165747 0.4350428 0.4630864 0.4409710 0.3845944 0.2598118 0.2593437 0.0000000 0.2738754 0.3132667 
S_Hleec    0.4300280 0.4322991 0.4206773 0.3947055 0.3290524 0.4592848 0.3812391 0.4951313 0.5077819 0.5170186 0.4024090 0.3977634 0.4220634 0.4150650 0.3727392 0.3789837 0.3633987 0.3505040 0.3660203 0.3846641 0.3248674 0.2398539 0.2745878 0.2738754 0.0000000 0.2856943 
S_Tcarn    0.4186344 0.4142939 0.4290684 0.4103612 0.3208591 0.4364743 0.3817863 0.4628473 0.4497703 0.4694948 0.4051517 0.3671655 0.4192197 0.3985255 0.3812433 0.3720715 0.3685499 0.3678673 0.3843072 0.3869483 0.3129081 0.2459402 0.2899514 0.3132667 0.2856943 0.0000000 
