26
F_Arick    0.0000000 0.2828567 0.2927764 0.2922827 0.7737058 0.8019291 0.7877682 0.7676614 0.7617839 0.7867313 0.8236246 0.7945881 0.8512079 0.7853696 0.8181856 0.9212098 0.8876852 0.8935410 0.9350151 0.8173746 1.0462594 0.8596375 0.9027222 0.9951661 1.0104895 1.0180525 
F_Ramu     0.2828567 0.0000000 0.1518352 0.2518419 0.6366300 0.6899476 0.6656357 0.6618070 0.6596935 0.6777515 0.7078120 0.7004757 0.7120776 0.6976597 0.7067437 0.7725270 0.7660178 0.7360540 0.7878414 0.6962487 0.8919538 0.7141471 0.7627484 0.8254644 0.8190800 0.8415421 
F_Rtemp    0.2927764 0.1518352 0.0000000 0.2604381 0.6900137 0.7556893 0.7398175 0.7250039 0.7227965 0.7507778 0.7807647 0.7695107 0.7995988 0.7638970 0.7804717 0.8533484 0.8273471 0.8243332 0.8499654 0.7514863 0.9834851 0.7949430 0.8211885 0.9201773 0.9334313 0.9387365 
F_Pcret    0.2922827 0.2518419 0.2604381 0.0000000 0.7250322 0.7674237 0.7428035 0.7407829 0.7329658 0.7694025 0.8031973 0.7726649 0.8144678 0.7575770 0.7926205 0.9152816 0.8624087 0.8510035 0.8909596 0.7687476 1.0367025 0.8307383 0.8849304 0.9801124 0.9862930 1.0055433 
F_Xbore    0.7737058 0.6366300 0.6900137 0.7250322 0.0000000 0.5485354 0.5369943 0.5265079 0.5288812 0.5399183 0.5944704 0.5484423 0.5985075 0.5436422 0.5595184 0.8053129 0.7854448 0.6848232 0.7435748 0.5823010 0.9030780 0.7358853 0.7413585 0.8902344 0.8926674 0.9039399 
O1_Cmaxi   0.8019291 0.6899476 0.7556893 0.7674237 0.5485354 0.0000000 0.1148194 0.2096243 0.2085111 0.2271271 0.6524274 0.5864080 0.6710007 0.5968497 0.6218928 0.7598933 0.7370548 0.6871332 0.7131010 0.6063803 0.8348900 0.6846770 0.7075849 0.7876567 0.7767287 0.8046512 
O1_Ctaur   0.7877682 0.6656357 0.7398175 0.7428035 0.5369943 0.1148194 0.0000000 0.1917578 0.1942650 0.2105171 0.6438166 0.5795522 0.6496380 0.5845140 0.5980765 0.7364722 0.7202160 0.6712315 0.7010867 0.6044866 0.8225549 0.6526746 0.6905869 0.7726559 0.7606551 0.7834357 
O1_Cobsc   0.7676614 0.6618070 0.7250039 0.7407829 0.5265079 0.2096243 0.1917578 0.0000000 0.0518665 0.2136340 0.6367376 0.5729391 0.6432916 0.5598916 0.6060686 0.7511819 0.7251311 0.6684057 0.6925066 0.6028985 0.8400817 0.6630299 0.7146854 0.7822120 0.7771806 0.7880689 
O1_Tobes   0.7617839 0.6596935 0.7227965 0.7329658 0.5288812 0.2085111 0.1942650 0.0518665 0.0000000 0.2174832 0.6355332 0.5679438 0.6491474 0.5726643 0.6169191 0.7325557 0.7198834 0.6631472 0.6963408 0.6038534 0.8418873 0.6544783 0.7165925 0.7699112 0.7629510 0.7838943 
O1_Ojapo   0.7867313 0.6777515 0.7507778 0.7694025 0.5399183 0.2271271 0.2105171 0.2136340 0.2174832 0.0000000 0.6357383 0.5707129 0.6485223 0.5673231 0.5984662 0.7570536 0.7212873 0.6824031 0.7130330 0.6058231 0.8594570 0.6806512 0.6994266 0.7995382 0.7940029 0.8188946 
S_Ajapo    0.8236246 0.7078120 0.7807647 0.8031973 0.5944704 0.6524274 0.6438166 0.6367376 0.6355332 0.6357383 0.0000000 0.4763342 0.5221981 0.3962606 0.4706873 0.7796156 0.7327835 0.6930283 0.7368010 0.5012869 0.8872299 0.7372667 0.7515546 0.8898571 0.8999939 0.9361658 
S_Atexa    0.7945881 0.7004757 0.7695107 0.7726649 0.5484423 0.5864080 0.5795522 0.5729391 0.5679438 0.5707129 0.4763342 0.0000000 0.4231994 0.3549705 0.3939502 0.7415377 0.6842196 0.6253473 0.6775906 0.4311354 0.8242990 0.6781349 0.6793856 0.8389969 0.8439880 0.8726434 
S_Bnigr    0.8512079 0.7120776 0.7995988 0.8144678 0.5985075 0.6710007 0.6496380 0.6432916 0.6491474 0.6485223 0.5221981 0.4231994 0.0000000 0.4322854 0.4583486 0.8020767 0.7485440 0.6582703 0.7245569 0.4689996 0.8694875 0.7281012 0.7342951 0.9029026 0.8998918 0.9166700 
S_Hleec    0.7853696 0.6976597 0.7638970 0.7575770 0.5436422 0.5968497 0.5845140 0.5598916 0.5726643 0.5673231 0.3962606 0.3549705 0.4322854 0.0000000 0.3873201 0.7394484 0.6923804 0.6414458 0.6904177 0.4181130 0.8575833 0.6899294 0.7114253 0.8905190 0.8941579 0.9341507 
S_Nbeye    0.8181856 0.7067437 0.7804717 0.7926205 0.5595184 0.6218928 0.5980765 0.6060686 0.6169191 0.5984662 0.4706873 0.3939502 0.4583486 0.3873201 0.0000000 0.7614737 0.7283221 0.6728115 0.6933907 0.4503138 0.8518617 0.7171382 0.7316569 0.8790949 0.8789681 0.9101160 
L_Lagil    0.9212098 0.7725270 0.8533484 0.9152816 0.8053129 0.7598933 0.7364722 0.7511819 0.7325557 0.7570536 0.7796156 0.7415377 0.8020767 0.7394484 0.7614737 0.0000000 0.2187117 0.5359675 0.5663415 0.7445806 0.7182913 0.5457328 0.5682513 0.8480570 0.8424961 0.8511689 
L_Pmura    0.8876852 0.7660178 0.8273471 0.8624087 0.7854448 0.7370548 0.7202160 0.7251311 0.7198834 0.7212873 0.7327835 0.6842196 0.7485440 0.6923804 0.7283221 0.2187117 0.0000000 0.5087851 0.5531322 0.7219609 0.7041078 0.5365145 0.5702346 0.8316489 0.8422321 0.8518493 
L_Lpers    0.8935410 0.7360540 0.8243332 0.8510035 0.6848232 0.6871332 0.6712315 0.6684057 0.6631472 0.6824031 0.6930283 0.6253473 0.6582703 0.6414458 0.6728115 0.5359675 0.5087851 0.0000000 0.5048282 0.6556958 0.6768838 0.3920128 0.4971063 0.8300524 0.8302811 0.8318531 
L_Smode    0.9350151 0.7878414 0.8499654 0.8909596 0.7435748 0.7131010 0.7010867 0.6925066 0.6963408 0.7130330 0.7368010 0.6775906 0.7245569 0.6904177 0.6933907 0.5663415 0.5531322 0.5048282 0.0000000 0.6777892 0.6814145 0.5077392 0.3899044 0.8724616 0.8762243 0.8713986 
S_Tcarn    0.8173746 0.6962487 0.7514863 0.7687476 0.5823010 0.6063803 0.6044866 0.6028985 0.6038534 0.6058231 0.5012869 0.4311354 0.4689996 0.4181130 0.4503138 0.7445806 0.7219609 0.6556958 0.6777892 0.0000000 0.8280145 0.6728241 0.6783138 0.8450616 0.8488128 0.8699051 
L_Gjapo    1.0462594 0.8919538 0.9834851 1.0367025 0.9030780 0.8348900 0.8225549 0.8400817 0.8418873 0.8594570 0.8872299 0.8242990 0.8694875 0.8575833 0.8518617 0.7182913 0.7041078 0.6768838 0.6814145 0.8280145 0.0000000 0.6074939 0.6135891 0.9059118 0.8980122 0.9221973 
L_Iigua    0.8596375 0.7141471 0.7949430 0.8307383 0.7358853 0.6846770 0.6526746 0.6630299 0.6544783 0.6806512 0.7372667 0.6781349 0.7281012 0.6899294 0.7171382 0.5457328 0.5365145 0.3920128 0.5077392 0.6728241 0.6074939 0.0000000 0.4097418 0.7255350 0.7273149 0.7155793 
L_Peleg    0.9027222 0.7627484 0.8211885 0.8849304 0.7413585 0.7075849 0.6905869 0.7146854 0.7165925 0.6994266 0.7515546 0.6793856 0.7342951 0.7114253 0.7316569 0.5682513 0.5702346 0.4971063 0.3899044 0.6783138 0.6135891 0.4097418 0.0000000 0.7879499 0.7927780 0.7875159 
O2_Ggori   0.9951661 0.8254644 0.9201773 0.9801124 0.8902344 0.7876567 0.7726559 0.7822120 0.7699112 0.7995382 0.8898571 0.8389969 0.9029026 0.8905190 0.8790949 0.8480570 0.8316489 0.8300524 0.8724616 0.8450616 0.9059118 0.7255350 0.7879499 0.0000000 0.0963634 0.1521938 
O2_Ptrog   1.0104895 0.8190800 0.9334313 0.9862930 0.8926674 0.7767287 0.7606551 0.7771806 0.7629510 0.7940029 0.8999939 0.8439880 0.8998918 0.8941579 0.8789681 0.8424961 0.8422321 0.8302811 0.8762243 0.8488128 0.8980122 0.7273149 0.7927780 0.0963634 0.0000000 0.1520202 
O2_Ppygm   1.0180525 0.8415421 0.9387365 1.0055433 0.9039399 0.8046512 0.7834357 0.7880689 0.7838943 0.8188946 0.9361658 0.8726434 0.9166700 0.9341507 0.9101160 0.8511689 0.8518493 0.8318531 0.8713986 0.8699051 0.9221973 0.7155793 0.7875159 0.1521938 0.1520202 0.0000000 
