23
F_Arick    0.0000000 0.2568901 0.2659498 0.2655267 0.6975386 0.7203403 0.7080958 0.6908599 0.6850949 0.7082062 0.7410424 0.7140637 0.7634163 0.7074574 0.7366099 0.8268337 0.7976540 0.7991838 0.8386685 0.7334495 0.9221176 0.7634103 0.8062225 
F_Ramu     0.2568901 0.0000000 0.1376091 0.2287084 0.5758883 0.6217062 0.5998897 0.5973155 0.5955146 0.6118110 0.6387619 0.6310543 0.6416805 0.6298596 0.6388639 0.6955031 0.6903573 0.6617130 0.7089221 0.6262588 0.7773818 0.6415445 0.6731530 
F_Rtemp    0.2659498 0.1376091 0.0000000 0.2365233 0.6234575 0.6788561 0.6650722 0.6528399 0.6506934 0.6761376 0.7038322 0.6919838 0.7181151 0.6889029 0.7041965 0.7664553 0.7444423 0.7390817 0.7630723 0.6742191 0.8532564 0.7137203 0.7276700 
F_Pcret    0.2655267 0.2287084 0.2365233 0.0000000 0.6544502 0.6902954 0.6686554 0.6674993 0.6602927 0.6939221 0.7231008 0.6950643 0.7314079 0.6823555 0.7146245 0.8220313 0.7751273 0.7635670 0.7997433 0.6908123 0.9136569 0.7403282 0.7792079 
F_Xbore    0.6975386 0.5758883 0.6234575 0.6544502 0.0000000 0.4967214 0.4860930 0.4768096 0.4789159 0.4883757 0.5370735 0.4958679 0.5399749 0.4914644 0.5061930 0.7244940 0.7070113 0.6169171 0.6703451 0.5261563 0.7895110 0.6621121 0.6657315 
O1_Cmaxi   0.7203403 0.6217062 0.6788561 0.6902954 0.4967214 0.0000000 0.1038843 0.1901842 0.1891474 0.2061647 0.5889751 0.5300046 0.6050524 0.5393194 0.5620254 0.6829612 0.6632005 0.6176817 0.6422122 0.5467749 0.7419999 0.6123448 0.6364836 
O1_Ctaur   0.7080958 0.5998897 0.6650722 0.6686554 0.4860930 0.1038843 0.0000000 0.1738698 0.1761271 0.1909591 0.5814881 0.5239343 0.5853456 0.5282469 0.5402168 0.6616443 0.6480510 0.6033437 0.6315364 0.5455199 0.7302340 0.5830832 0.6197064 
O1_Cobsc   0.6908599 0.5973155 0.6528399 0.6674993 0.4768096 0.1901842 0.1738698 0.0000000 0.0468116 0.1937997 0.5749649 0.5176058 0.5798458 0.5060430 0.5473988 0.6752127 0.6526658 0.6015417 0.6240947 0.5444136 0.7450031 0.5941513 0.6437653 
O1_Tobes   0.6850949 0.5955146 0.6506934 0.6602927 0.4789159 0.1891474 0.1761271 0.0468116 0.0000000 0.1972753 0.5739980 0.5129705 0.5849439 0.5177511 0.5575147 0.6578713 0.6477043 0.5965018 0.6273321 0.5452132 0.7471227 0.5878298 0.6430502 
O1_Ojapo   0.7082062 0.6118110 0.6761376 0.6939221 0.4883757 0.2061647 0.1909591 0.1937997 0.1972753 0.0000000 0.5738279 0.5154832 0.5847267 0.5128983 0.5404356 0.6805461 0.6492934 0.6140639 0.6433946 0.5475419 0.7681318 0.6153745 0.6335923 
S_Ajapo    0.7410424 0.6387619 0.7038322 0.7231008 0.5370735 0.5889751 0.5814881 0.5749649 0.5739980 0.5738279 0.0000000 0.4305996 0.4718584 0.3592110 0.4259788 0.7021003 0.6605340 0.6245305 0.6634343 0.4540281 0.7743898 0.6636967 0.6743056 
S_Atexa    0.7140637 0.6310543 0.6919838 0.6950643 0.4958679 0.5300046 0.5239343 0.5176058 0.5129705 0.5154832 0.4305996 0.0000000 0.3832070 0.3218687 0.3570058 0.6669073 0.6158840 0.5637359 0.6104755 0.3907329 0.7395435 0.6132022 0.6123472 
S_Bnigr    0.7634163 0.6416805 0.7181151 0.7314079 0.5399749 0.6050524 0.5853456 0.5798458 0.5849439 0.5847267 0.4718584 0.3832070 0.0000000 0.3912683 0.4152340 0.7194742 0.6715006 0.5925193 0.6514624 0.4243209 0.7748163 0.6568223 0.6675203 
S_Hleec    0.7074574 0.6298596 0.6889029 0.6823555 0.4914644 0.5393194 0.5282469 0.5060430 0.5177511 0.5128983 0.3592110 0.3218687 0.3912683 0.0000000 0.3513133 0.6660467 0.6233674 0.5779729 0.6223036 0.3789628 0.7513415 0.6233207 0.6383811 
S_Nbeye    0.7366099 0.6388639 0.7041965 0.7146245 0.5061930 0.5620254 0.5402168 0.5473988 0.5575147 0.5404356 0.4259788 0.3570058 0.4152340 0.3513133 0.0000000 0.6863421 0.6560634 0.6064316 0.6256364 0.4085447 0.7585410 0.6378867 0.6500721 
L_Lagil    0.8268337 0.6955031 0.7664553 0.8220313 0.7244940 0.6829612 0.6616443 0.6752127 0.6578713 0.6805461 0.7021003 0.6669073 0.7194742 0.6660467 0.6863421 0.0000000 0.1983713 0.4835621 0.5109788 0.6690536 0.6424327 0.4758215 0.5065569 
L_Pmura    0.7976540 0.6903573 0.7444423 0.7751273 0.7070113 0.6632005 0.6480510 0.6526658 0.6477043 0.6492934 0.6605340 0.6158840 0.6715006 0.6233674 0.6560634 0.1983713 0.0000000 0.4593606 0.4993427 0.6493176 0.6288117 0.4688472 0.5050323 
L_Lpers    0.7991838 0.6617130 0.7390817 0.7635670 0.6169171 0.6176817 0.6033437 0.6015417 0.5965018 0.6140639 0.6245305 0.5637359 0.5925193 0.5779729 0.6064316 0.4835621 0.4593606 0.0000000 0.4558906 0.5897239 0.5959254 0.3408570 0.4460405 
L_Smode    0.8386685 0.7089221 0.7630723 0.7997433 0.6703451 0.6422122 0.6315364 0.6240947 0.6273321 0.6433946 0.6634343 0.6104755 0.6514624 0.6223036 0.6256364 0.5109788 0.4993427 0.4558906 0.0000000 0.6095023 0.5835393 0.4354473 0.3361295 
S_Tcarn    0.7334495 0.6262588 0.6742191 0.6908123 0.5261563 0.5467749 0.5455199 0.5444136 0.5452132 0.5475419 0.4540281 0.3907329 0.4243209 0.3789628 0.4085447 0.6690536 0.6493176 0.5897239 0.6095023 0.0000000 0.7310081 0.5991862 0.6073736 
L_Gjapo    0.9221176 0.7773818 0.8532564 0.9136569 0.7895110 0.7419999 0.7302340 0.7450031 0.7471227 0.7681318 0.7743898 0.7395435 0.7748163 0.7513415 0.7585410 0.6424327 0.6288117 0.5959254 0.5835393 0.7310081 0.0000000 0.5314627 0.5323890 
L_Iigua    0.7634103 0.6415445 0.7137203 0.7403282 0.6621121 0.6123448 0.5830832 0.5941513 0.5878298 0.6153745 0.6636967 0.6132022 0.6568223 0.6233207 0.6378867 0.4758215 0.4688472 0.3408570 0.4354473 0.5991862 0.5314627 0.0000000 0.3692509 
L_Peleg    0.8062225 0.6731530 0.7276700 0.7792079 0.6657315 0.6364836 0.6197064 0.6437653 0.6430502 0.6335923 0.6743056 0.6123472 0.6675203 0.6383811 0.6500721 0.5065569 0.5050323 0.4460405 0.3361295 0.6073736 0.5323890 0.3692509 0.0000000 
